15
22222222222222222222
33333333333333333333

9999999999999999999999999999999999999
9999999999999

00000000000
000000

2222222222222222222222222222222222222222222222222222222222222222222222222222222222222222222222222222333333333333333333333333333333333333333333333333333333333333333333
9999999999999999999999999999999999999999999999999999999999999999999999999999999999999999999999999999999999999999999999999999999999999999999999999999

999999999999999999999999999999999999999999999999999999999999999999999999999999999999999999999999999999999999999999999999999999999999999999999999999999999999999999999999999999999999999999999999999999999999999999999999999999
33333333333333333333333333333333333333333333333333333333333333333333333333333333333333333333333333333333333333333333333333333333333333333333

9999999999999999999999999999999999999999999999999999999999999999999999999999999999999999999999999999999999999999999999999999999999999999999999999999999999999999999999999999999999999999999999999999999999999999999912342
22222222222222222222222222222222222222222222222222222222222222222222222222222333333333333333333333333333333333333333333333333333333333333333333

12345678900987654321
09876543211234567890

0
0

1234567890098765432112345678900987654321123456789009876543211234567890098765432109876543211234567890098765432112345678900987654321123456789009876543211234567890
0987654321123456789009876543211234567890123456789009876543211234567890098765432112345678900987654321123456789009876543211234567890098765432112345678900987654321

1234567890098765432109876543211234567890098765432112345678901234567890098765432112345678900987654321098765432112345678900987654321123456789009876543211234567890
0987654321123456789009876543211234567890123456789009876543211234567890098765432112345678900987654321123456789009876543211234567890098765432112345678900987654321

1234567890098765432112345678900987654321123456789009876543211234567890098765432109876543211234567890098765432112345678900987654321123456789009876543211234567890
9999999999999999999999999999999999999999999999999999999999999999999999999999999999999999999999999999999999999999999999999999999999999999999999999999999999999999999999999999999999999999999999999999999999999999999912342

22222222222222222222222222222222222222222222222222222222222222222222222222222333333333333333333333333333333333333333333333333333333333333333333
1234567890098765432112345678900987654321123456789009876543211234567890098765432109876543211234567890098765432112345678900987654321123456789009876543211234567890

1234567890098765432112345678900987654321123456789009876543211234567890098765432109876543211234567890098765432112345678900987654321123456789009876543211234567890
999999999999999999999999999999999999999999999999999999999999999999999999999999999999999999999999999999999999999999999999999999999999999999999999999999999999999999999999999999999999999999999999999999999999999999999999999999

1234567890098765432109876543211234567890098765432112345678901234567890098765432112345678900987654321098765432112345678900987654321123456789009876543211234567890
2222222222222222222222222222222222222222222222222222222222222222222222222222222222222222222222222222333333333333333333333333333333333333333333333333333333333333333333
