55555555555555555555
10000000000000000000000009999999999998
0
2222222222222222232222222222222222222222222222222222222222222222222222222222222222222222222222222222333333333333333333333333333333333333333333333333333333333333333332
1000000000000000000000000000000000000000000000000000000000000000000000000000000000033333333333333333333333333333333333333333333333333333333333333333333333333333333333333333333333333333333333333333333333333333333333333333332
10000000000000000000000000000000000000000000000000000000000000000000000000022222222222222222222222222222222222222222222222222222222222222222222222222222333333333333333333333333333333333333333333333333333333333333245675
22222222112222222211
0
2222222211222222221122222222112222222211246913578019753086422469135780197530864222222222112222222211222222221122222222112222222211222222221122222222112222222211
2222222211222222221119753086422469135780222222221122222222112469135780197530864224691357801975308642222222221122222222112222222211222222221122222222112222222211
10000000000000000000000000000000000000000000000000000000001234567890098765432112345678900987654321123456789009876543211234567890098765432109876543211234567890098765432112345678900987654321123456789009876543211234480232
1234567890098765454334567901123209876543345679011232098765433456790112320987654332098765433456901223432098765445679012234320987654456790122343209876544567901223
1000000000000000000000000000000000000000000000000000000000000001234567890098765432112345678900987654321123456789009876543211234567890098765432109876543211234567890098765432112345678900987654321123456789009876543211234567889
2222223456790112320987654332098765433456790112320987654334567901123456790112320987654334567901123209987654432098765445679012234320987654456790122343209876544567901223
2222223456790112320987654332098765433456790112320987654334567901123456790112320987654334567901123209987654432098765445679012234320987654456790122343209876544567901223
